500
52249724420710964297
76265801148394840939
75978632324511158980
54494750862969919735
12023691799855902323
94811939550107334460
48334722781960802742
70092768969668300316
60436967469591576107
43478804353025424297
11570057597399190396
30649298126373662467
75776674289826565796
80203157850433244957
13254006226741947378
32430279239675964058
64261068301820572287
18536967499095168587
44656775859277127814
18877646365813474005
47071289643283562128
38846734436729737357
43318324494259826323
20265132701115106890
50221444624553534699
56530194873500217012
19671551941357455370
83208196525575264328
55117355500532546623
37752965280162652116
90007534094147902355
62236138004054585835
95958127425791192964
30435840731418906930
56179859969691941031
70758940458558917277
93540264958334683120
52197571475880370608
86754848705527144429
85195555540906617060
46064890409420983578
30768063593892820539
59478249503629994878
41928105353826311794
30009289971803158264
40339607235759587518
97240430582160468660
20966209935231675781
70646122547658884462
24776099344940968197
24249865273702083876
84562374729399325147
21680690391738410525
60799116341280348465
52774036387902751897
14364445168992465758
59711165668122599338
71748365134807468959
98511246885071156874
41623698857659364340
44317918229002177924
59285335819300613356
66536603210677597355
10194354228094668243
60882394367779935732
19723804229101018545
25572756803703283770
27838516725334143963
52754071472777261167
84304762160667441036
14350722232509707693
47485996203925260598
38783751785067887650
35753141921952637283
81384144039132743414
68968386631991831245
44765599249614775888
43889466183276165250
23123477147557009116
13087018235879470979
52257336035148828471
70262709578224472902
65807781469507760572
85043932881313744277
25439195045065261703
17540155043397619492
14072335247263090066
56229217256520436265
84829885062806288768
98917245622800592841
29053099634784913410
30404491702972896178
36935896286964445757
84637265571777561904
30733610119599986310
64649131025919095090
57178491163246669288
97335697371149084474
95378012375641098726
20569965894192961322
27509330610176757688
26745674142351790776
20632740351181588623
67353972235846497507
87566098307594454748
25372759221930215827
97918128963285565584
80222363594779343554
83203661732855453958
76418034750221625627
33290767746843623508
23080828411275402011
96035901971537250560
38209534208036418933
76529176870764353431
85102891060437979723
15938004183956163911
76698694480501808093
53627119452267230691
42037135186520312445
48252714859382812409
23916933802368406004
88156441693555434463
90901656672970103774
66995603398494699142
64107749185817762638
80690965459141195373
73475025348483066647
96526818948645344749
66947133426814312735
81675205054675762479
67060288928171910604
40661591887713493868
21689419909602735796
51831182023888586099
48530898963685533248
49152112799350831168
69858530422065476736
62530501317179364668
55749742520348935477
16373736469325581042
18694947203998567436
91986590765304812516
22637182540423029324
60611724957385999284
78362382843354736834
24950960380421780198
26843603917552020514
76085983721359465056
30197144554125781131
64313361725256104019
79011396042591077798
19885823963774389885
62267234598747836253
53259844959015552102
80914133111192181326
43512513550814033623
69263700434601340768
68588072186721824361
80408454335602016491
92139597201545135017
39377904440090927863
40173351135726094268
82598509067900035674
15203096991014978710
76848881663363955519
19611345803253384213
73651587337575189182
35470481923078751894
93203290400682931173
42975660371432178932
28644455499594575983
62575135894102196953
46699905278285296057
90884953800234520903
88858737578478945517
38979591387680378738
99113492815904775406
76559739132718871396
42744024642670334605
23034154147199783836
36426751865510321552
99267996525292063892
87127109888398063210
88179100475084340428
70552496109800406643
35943776461283427917
32792326199180704157
30538880325968716759
70711053693720652127
82342698855770921400
13688553062394003566
69166190799539467815
27314109039340584564
68687149841444787022
95876804244442080495
14615541173158639313
44482501972258384087
67437119432523850832
27267519189628561144
60358488200474942947
51861762058787008040
72455107215097335447
48665196912255692250
70596908247437377086
70738244261037784430
36879991013020128869
50838604552451237676
21263600379640631753
74932562729043468256
60580620710867090701
72704239016977144547
44649825345163489291
25407718625104811924
64042871316349322894
50086527420413777898
54238867311853151914
10728448411068983114
51568540178928182483
35603344878118354382
18357545820660001914
50367428185766454275
95848009504656090536
33487082315424378024
54429923155706022278
74451518157685560993
60523148756549269768
36031174267288870882
30433850699261083193
64506275764571069401
25189990129645081208
53304423946911306594
80086475156719779278
42615213566565967736
37630740376400748464
63891824695122025579
24200969920527906601
52706987093547448501
17703250677548224660
89501056179977108955
26152247664185075354
44117661476749880757
73693537982006977702
35210276135541176386
28303959432120521684
29624211515876402754
67372058716248345045
84604069237997568462
43740372651315993124
99055445062834264147
91949557483106118386
21497355289107802686
50553722853545688228
92699852131984814618
56253271522912210579
26586175735271764580
49695859585099770036
55358023141689139369
10573961438491007746
29433344637179378425
19800506195668648517
45955423871741926283
73879683403162236034
55551664196358784557
92824913066302911173
44907713790728189411
13026281284728496372
95271550558783575155
50100005667959266709
85920396314832615175
99877654433222110000
11133360493293756209
84454463058235971445
33724873649311216462
33324523411729723833
17302077566113556904
49742080445656837323
14536084450377694918
90778183712249183546
81628161696407860191
81714184064453605323
10044367316710245255
22583429964640420373
31847523549180279993
21527033628892430627
82650784015050165258
70206125239846268062
32276686488352660428
30565175665268787045
83048503331569017110
18588141874159807473
59658622995549353259
36428293729858516639
65654765410662023562
64895489688805795419
12543158966543434489
45003470999798761430
28363113177388277681
93919840587740385981
33036943430788058987
98441104628376547861
100000000000000000000
47204206741200355903
78383558542228411390
24920818324044031225
77786614992780824593
39320611139226558284
16803412780284755384
87750684023711934780
89307678014328260552
12640726015653514864
41010585330835413557
86378963166591786487
70962143363775413619
35688460088131593607
25871422756192743334
57953625949163714043
46326584934771712229
13976412135246289117
17034735067810270937
70398972629315989168
19804370619182466131
36612450280805590071
54668970828531252380
61163642758521912102
39746458042912505999
92296151448980443310
51095375519930303884
50966916968315719737
22686333739919815291
81867534036382379801
28274088269232233152
50139474967828165992
56146049175265369457
95264564682357094755
56215400442230770477
66068070799226890648
44168137925186695778
33943121143551700854
11956680261640374593
48603815200546799949
77217690275039776877
18199542072810966555
82704931525642341381
44572651731113974968
66596985477735539132
58527770561477889847
86820948647230111210
48332579808516616308
70859035954865361857
87628341057684763364
10131875900251592112
84294968290695211203
22082014407227351214
39676286624316165169
94465168054700938386
99285873218681633702
64424526991168661513
72568568203108831871
30526490538306895122
80340792367530324188
31106489537648912480
38360879329116632673
55423531020106386695
99995442448475098839
15710679592298049114
43708648196699841535
55930605553905905100
17260087152538282320
40133966780612698480
84247557714018274114
44306848905300933387
20988323192793548072
71089087148406452589
18918289614044307878
43345379876858832785
63378817925666430044
50957343279861747659
73287387099212262125
79628014162165929356
18010341620907474904
59962289655987210026
70531055155027927591
44481747466951107321
24837152016334798490
58836939255313077882
32222567688433113293
53183781336715539938
20599278176171766708
14864269458587961367
32215702958265605667
34333744669291682737
12134962858183548774
42632803700370203111
10869438344322533212
80238142210276233164
57920390244787944105
90048165747776817650
99463575414763075319
53233706882242941564
60855135237893316274
25435317749885410379
43736652939858539378
82701461966009248083
54159426363609201903
39666156118979915323
77257734464327476279
38815411208179281780
21387978276976679104
77806436580866927419
91879749456040541837
68977154741556790252
62555991618247352458
92926621812280551074
86152576232372166155
33894929427160764069
95527419886240250654
66820397127433097788
46475482683653858932
52859850255192495034
48047540220944363708
11155055179476846610
59610759257042293757
42034410644983669900
93713179152432323253
63752793127290817231
33870706414897157694
80349594094489475901
90202872720977054152
45881673431053242434
39118918878196898623
77114333845294524734
23193698571394098536
76335996924916410852
97189997340099785648
48615952787673557073
32472581912218743110
84718364776594602053
25169185466982946335
77468450496054714672
31332402708222337558
67222786374147989621
96998036474477097910
99264711510488068384
70487412109584268654
45400743625882450301
87205954150484245219
37541416424817717563
90598774996508436883
42556839176284465304
49029926964726517336
82369858227245828491
34244097522520723435
84126074577888979316
41187341218787125001
60987814337027241314
57872238867852928800
58908549084391008527
55696140321068241928
10392239182422444608
32219401158062801017
54288204695593717375
12959755305064664582
60606552857734814271
20049194323180278415
65827933527502206209
86972640612363565630
61521344008558255519
17444751861533091442
74168430331808498033
82030736294348983842
71908904216750141383
20902488066121603750
87894376779586744938
81857563498459657527
30419426308724176403
90732908455753323689
10025939646715829982
38334111416326238200
12615103947097968022
75109554806273190827
35008885795770450303
25712829939936266919
18780119918615331323
96993092969625734788
52990195375515398741
45585151676153657504
29642783007464557205
61963191704365344597
12614398307599166488
37179875531978856768
46457229609053406314
50336812289283607352
10985561994809734432
52489490427541569397
69726897264916616176
34321936826056046140
84304862526104274200
75421664549211045982
13091883967480455003
