100
15
727701 645060 275996 18787 559041 240101 444990 533734 199947 350366 279892 508082 238274 145046 58657
15
488590 916914 108819 129447 21946 308411 588558 559932 829914 190634 918708 927063 338788 358107 362617
15
696272 38591 416935 647071 18130 171913 813319 475381 509344 624285 22693 655220 361028 37599 417146
15
838683 257999 388499 302384 217309 680508 528102 374664 697326 330845 44170 183562 844447 696975 71231
15
395828 592192 270673 979207 405085 170590 777826 752495 559815 771312 57577 866484 865315 387668 817420
15
162769 440466 454960 554491 909222 133892 483158 270323 538875 312275 572928 568983 71723 426782 783771
15
870298 326207 594312 927977 124044 851481 428456 645844 102409 740171 457764 860374 380071 276713 424677
15
728084 772463 901803 261197 442628 467619 915530 525362 271518 512691 210307 764506 834731 902148 673816
15
360313 826211 419578 690460 676844 268470 378804 654818 651915 614387 404065 748332 714511 799739 903220
15
887547 178280 685356 363804 450639 164686 665129 876006 13291 819806 31158 319772 871122 34369 644006
15
342017 632581 534959 133851 686297 149368 462039 762713 816927 592529 63424 746902 177760 304848 692402
15
320102 580517 282268 57840 794940 520224 1509 628003 144875 256528 555671 919542 499263 384430 690066
15
45513 456768 903505 317984 462980 590122 933301 754648 751743 485611 573615 199244 874538 462054 255058
15
567289 292673 51022 142087 964244 787594 533422 475779 381719 4242 262899 782112 318946 671160 96641
15
185177 77726 257680 816156 618599 905874 194969 103870 414120 650218 833997 457947 773269 672367 217311
15
63915 19020 386684 287946 904213 70717 322572 958903 852089 618191 183870 927359 27258 48661 338703
15
348131 907454 821671 334774 675131 108405 544927 572942 869212 427974 917784 271217 472224 530969 480582
15
920424 264566 66977 873133 379346 916198 969354 579165 53699 459425 108344 872505 648654 771760 272175
15
589130 986767 49462 860247 130061 451215 326791 315963 456169 885329 261407 419609 858653 308300 923797
15
860723 205092 600100 763859 73952 828622 904432 315216 137672 293099 208413 545102 506144 784321 430426
15
262345 29635 923378 770013 957016 612363 408900 591200 557741 97735 802518 374454 177324 226170 368476
15
969811 715315 409456 943757 420883 545269 216343 264899 439847 379728 511541 601050 325896 865379 479972
15
943878 372606 282087 507141 500594 799021 324547 319199 488125 106743 739428 79789 919493 891597 789351
15
466801 120811 300393 227677 890056 600388 597027 699636 265767 466842 509448 156639 50578 374430 396497
15
45335 578607 193229 701472 402265 862150 786762 91671 770792 110468 192420 360910 384783 644337 363761
15
717265 707830 466398 658585 695228 917268 892763 695981 811374 837310 254333 353247 685090 465473 388072
15
551724 496016 806572 86659 724097 919445 778049 526466 315148 850015 333316 448176 941146 404065 394101
15
139207 158842 215367 520810 686891 709452 353483 382330 449146 41010 922270 96468 793928 899802 913634
15
534916 983711 454478 772371 485557 161235 944510 378779 538615 68840 737308 597068 841772 574088 981645
15
232069 676288 269777 400951 134544 594205 248111 643934 245463 86299 825032 72431 904673 452410 453688
15
77966 568326 201682 304121 829569 234879 790257 484124 392616 335341 980871 68192 452054 864444 720508
15
288241 377065 593589 265519 396310 256916 663616 144902 434918 238881 755892 359929 466794 477812 760350
15
954255 369574 497364 459043 510137 849451 687575 223174 559519 557617 109436 778819 368996 55207 966492
15
240836 927674 479429 621342 849355 127144 380171 24246 245663 478173 867311 339646 732215 264940 740134
15
962525 161356 580669 250080 22528 890728 831879 415252 868372 456950 948538 788368 89434 581030 300204
15
918943 297048 566148 763897 650956 144465 970318 491313 935396 715863 560781 271887 253576 614002 976295
15
856028 29821 974018 145562 784382 958916 883780 401332 336997 422998 678301 82122 719030 101502 145280
15
169083 451434 727527 378472 398277 479119 992554 555720 13818 388358 940563 681472 855563 474605 275069
15
46764 994750 550673 425990 740333 701018 485981 845098 625174 277850 838226 451363 835863 898518 350167
15
326434 855878 660637 925700 852829 542585 699228 55579 272770 639315 108923 798101 622054 22939 31913
15
142977 499455 605885 664969 683801 519702 357499 813834 734070 45096 722446 206262 165806 426185 633567
15
239632 887918 588629 220284 224837 568198 793230 884291 23402 972174 158660 97129 211207 194402 535333
15
397265 974199 54045 412647 743084 23614 269460 744158 553380 360520 378 647374 271014 483680 87423
15
920987 604592 578042 688784 539982 597357 6711 366922 913724 275817 310830 345978 171913 744215 929709
15
839598 653099 159312 189904 974392 945330 408785 311050 618320 853631 502894 316188 877138 375770 138016
15
436723 768971 435601 655208 740326 598083 618916 860370 386763 139132 377109 885393 557365 792367 458983
15
801838 126218 875942 99859 264132 121331 947920 466962 43377 902476 926277 837783 397737 642777 255415
15
170380 926213 664422 873812 108232 706752 632560 351398 785139 472350 394050 674595 664276 692484 137085
15
314981 138705 159008 39151 45320 83907 548912 354641 674098 222378 121855 824072 787080 688637 272725
15
777776 530414 232689 627462 721154 176104 194216 548525 458931 468124 945940 493143 456293 575690 160735
15
656675 427266 182414 469596 73613 612453 586172 251678 733817 565070 430377 478358 905465 723431 760020
15
399496 906288 440686 374492 4088 267240 569804 460958 945095 459138 268256 154824 283042 553877 917115
15
942550 937175 115875 541224 50430 737532 634672 221078 449364 914789 608231 869621 692962 775905 322078
15
542197 276128 267660 243402 565357 822303 44850 525081 847267 715248 985103 264185 152568 929169 790802
15
691633 758236 595989 613161 670962 329706 924389 167684 778552 297826 465576 649888 784610 624469 963112
15
86609 947809 308745 265728 132926 949276 70421 376537 624460 158739 91071 95853 253605 502741 597670
15
568940 186866 504709 958648 609185 931757 629517 743567 711486 827835 84511 726223 357486 386277 296127
15
311733 659294 621284 25450 309699 31203 127986 607 85426 920287 360858 811715 967875 196101 198363
15
14384 17760 257508 967520 176862 32481 524491 996905 504635 8264 671583 577578 20361 312251 278494
15
353126 284737 832961 114809 3745 903018 273949 594487 723158 856303 29186 590207 124870 880008 663520
15
588835 995548 674729 823106 305657 923498 291533 484054 552132 649160 759991 791685 642207 914890 174277
15
11252 648602 856686 853554 671503 850039 619271 548702 673099 504143 600215 493057 103453 770933 739681
15
190469 744049 158157 931917 472414 522366 963141 563025 180898 448651 586709 481365 34802 170169 881844
15
92375 234274 710927 628533 886267 389529 524469 120917 676035 990766 257053 912296 324337 854038 852798
15
787446 294798 557670 214818 449303 268422 795921 961517 282996 159849 473215 457208 612389 670170 984623
15
847286 500332 914592 738968 287206 378019 702057 652395 631565 685409 292145 446643 840485 722987 426524
15
706133 971375 614117 510490 916097 822187 163208 620449 357680 446245 137751 123745 270312 612896 883093
15
915884 671487 850489 140437 374533 197369 193102 83626 676489 421142 964495 830538 772420 164770 880516
15
376096 460256 972266 573531 444733 182593 639683 540189 920974 115378 498898 910867 911540 284742 32514
15
758719 735860 727829 589481 525082 258958 469555 564270 723839 956609 936577 886340 120488 729335 346796
15
980684 49575 563676 649838 346240 614105 458628 162202 717169 197207 631052 335660 736645 208793 88197
15
252536 336536 853378 357210 5249 182219 552401 168800 128911 29991 158852 620544 683062 666985 823584
15
683199 397179 349170 662407 572185 872685 727620 361121 999299 741874 112836 736110 62436 574533 768445
15
838887 869289 373779 111280 849952 563287 502594 259436 749104 103973 556822 904530 185137 332774 838454
15
279423 717834 648880 236478 646749 32949 75613 129320 499105 679371 916450 278000 924824 546805 384644
15
814174 922063 338431 380899 253623 551056 847626 171359 431403 848034 95028 213080 966501 471440 925664
15
311202 806547 148823 336859 279074 722254 781437 950383 117573 422769 213876 132479 211473 117299 856972
15
135297 323708 656273 219648 692618 639778 583040 499964 55213 813185 61883 835646 314905 802950 47619
15
647450 543353 929298 63898 728249 174506 774097 275958 920524 564446 139453 421856 843242 689527 241938
15
456950 234657 98651 205944 168228 716789 549962 396316 341120 433334 249901 651058 703820 765439 36012
15
570805 815914 58118 176443 312621 725787 575398 150092 44066 175683 923994 297451 844412 392568 287317
15
500994 7818 815283 573055 521212 407988 804266 514974 384506 799364 227389 42733 414661 465303 31485
15
546432 114551 596177 695344 403141 883519 997511 43003 339193 561761 954535 285614 681198 224829 926294
15
210556 68874 380723 883997 336765 149032 565627 77753 707479 125498 551979 722639 70570 680304 511813
15
257481 791381 278103 314221 760654 818040 632307 780369 401671 350326 338279 106043 151343 186375 569512
15
565656 686937 147900 195413 57903 366169 740509 163583 184563 160544 548169 114625 539106 65682 651704
15
802959 210355 649086 142220 873926 781007 560355 424627 238643 513862 985376 682741 978342 408050 902444
15
366615 151895 935835 244267 397636 662924 882742 251205 187761 53296 609523 891410 241311 845635 339354
15
479943 713160 286652 205189 495141 915762 294484 196569 167038 737043 438126 844654 3329 92744 897527
15
908285 811831 941297 824607 226321 220611 708091 218350 716637 817903 882901 685260 149522 51130 72242
15
505525 321979 691259 628852 552640 564006 662303 677133 842453 935842 183777 660781 260161 240893 660852
15
558906 157837 847105 171105 757508 448819 550947 107255 41484 256675 508138 280247 18280 150131 221662
15
421519 392771 678058 637794 103795 622071 885080 276509 694661 785708 475930 356743 543267 3987 791022
15
676628 529637 245000 587928 657060 89237 755338 197420 860063 250252 782883 807628 516559 506272 18686
15
298359 288452 932074 517212 232928 506952 502475 978117 259085 606457 185270 763237 889297 199944 762727
15
533707 603453 358444 728022 355139 754545 239420 393353 114478 513893 613338 146081 743104 747085 720630
15
991082 508146 573790 524701 453277 288799 805602 730016 508576 824859 351323 729106 530111 854199 726295
15
70029 802344 137398 590383 234632 730943 441253 930984 395195 970489 775330 323842 719456 137504 367435
15
404540 663944 246929 552134 426113 840967 747511 420786 957266 548440 567742 628104 118244 234289 447980
15
774717 219680 425322 442044 290179 704698 67988 266397 588843 723053 986898 536603 772635 341130 421046
